6
sars001    0.0000000 1.5409199 1.5017982 1.5760410 1.5685351 1.5314328 
sars002    1.5409199 0.0000000 0.0687596 0.1958445 0.2464539 0.1858801 
sars073    1.5017982 0.0687596 0.0000000 0.1856159 0.2356143 0.1702832 
sars044    1.5760410 0.1958445 0.1856159 0.0000000 0.0942207 0.2076371 
sars099    1.5685351 0.2464539 0.2356143 0.0942207 0.0000000 0.2560124 
sars085    1.5314328 0.1858801 0.1702832 0.2076371 0.2560124 0.0000000 
